use_sim_time: true
graph: cair
priority_nodes: 1154147728 1563324324 1563324348
time_periods: 34.56569063918679 34.56569063918679 34.56569063918679
lambda_priority: 50.0
length_walk: 34
max_divisions: 10
eps_prob: 0.1
init_bots: 1
init_locations: ''
done: false
sim_length: 30000
discount_factor: 1
random_string: exg65
algo_name: basic